5
3 4 6
0
1
10
11
0 2
1 1
2 1
2 2
0 0
1 0

5 16 10
0
1
3
4
6
8
12
13
17
18
19
23
26
27
36
39
4 2
1 2
3 1
2 3
2 2
2 0
4 0
1 1
0 0
3 4

7 33 14
1
2
5
7
11
13
14
18
21
22
24
26
30
31
33
35
36
42
45
52
54
57
59
61
62
63
64
65
67
71
72
80
81
4 3
3 2
2 4
1 4
5 6
3 5
6 4
3 1
5 0
5 2
0 0
1 6
6 2
4 5

9 57 18
0
2
3
6
9
10
12
15
16
26
27
28
30
34
35
36
39
41
43
44
45
47
49
54
58
61
65
67
68
73
74
75
77
78
79
82
85
86
87
88
92
94
97
98
104
108
109
111
121
123
127
130
134
136
140
141
142
7 8
8 3
1 8
5 0
6 5
2 0
6 4
0 4
2 2
7 6
7 4
4 1
5 4
6 0
6 2
5 1
7 7
0 1

11 88 22
0
2
6
10
12
14
18
19
23
25
26
27
32
38
39
40
41
42
43
48
49
54
56
57
60
63
65
66
68
72
77
78
83
85
87
93
95
96
97
98
99
100
101
102
103
105
110
111
112
113
118
121
124
125
135
138
142
144
145
148
149
152
153
154
159
165
170
171
173
177
178
179
186
187
189
194
195
196
198
200
201
202
205
207
208
209
212
213
5 4
1 3
7 7
2 0
6 9
7 6
3 3
7 0
8 4
6 8
4 10
5 6
10 6
9 1
9 3
10 0
5 7
8 5
3 4
10 7
10 2
3 7

